4510 002c 0000 4000 3e06 b12b 0101 0101 c0a8 0133 9c40 0077 a664 2485 0000 0000 6002 4000 cea4 0000 0204 05b4 
4500 002c ce83 4000 7e06 98b7 c0a8 0133 0a01 0201 0077 05f6 fbdf 1a21 a664 2486 6012 2238 62a5 0000 0204 05b4 
4510 0028 0001 4000 3e06 b12e 0101 0101 c0a8 0133 9c40 0077 a664 2486 fbdf 1a22 5010 4470 cbdf 0000 
4500 005b cf83 4000 7e06 9788 c0a8 0133 0a01 0201 0077 05f6 fbdf 1a22 a664 2486 5018 2238 b5d9 0000 0000 0000 0000 0000 0000 0000 0000 0000 0000 0000 0000 0000 0000 0000 0000 0000 0000 0000 0000 0000 0000 0000 0000 0000 0000 0a 
4510 0028 0002 4000 3e06 b12d 0101 0101 c0a8 0133 9c40 0077 a664 2486 fbdf 1a55 5010 4470 cbac 0000 
4510 002e 0003 4000 3e06 b126 0101 0101 c0a8 0133 9c40 0077 a664 2486 fbdf 1a55 5018 4470 deb6 0000 0000 0000 0d0a 
4500 0048 e383 4000 7e06 839b c0a8 0133 0a01 0201 0077 05f6 fbdf 1a55 a664 248c 5018 2232 fe54 0000 0000 0000 0000 0000 0000 0000 0000 0000 0000 0000 0000 0000 0000 0000 0000 0000 
4500 05dc e483 4000 7e06 7d07 c0a8 0133 0a01 0201 0077 05f6 fbdf 1a75 a664 248c 5010 2232 9f6c 0000 0000 0000 0000 0000 0000 0000 0000 0000 0000 0000 0000 0000 0000 0000 0000 0000 0000 0000 0000 0000 0000 1111 2222 3333 0000 0000 0000 0000 0000 0000 1111 2222 3333 0000 0000 0000 0000 0000 0000 1111 2222 3333 0000 0000 0000 0000 0000 0000 1111 2222 3333 0000 0000 0000 0000 0000 0000 1111 2222 3333 0000 0000 0000 0000 0000 0000 1111 2222 0000 0000 0000 0000 0000 0000 0000 0000 0000 0000 0000 0000 0000 0000 0000 0000 0000 1111 2222 3333 0000 0000 0000 0000 0000 0000 1111 2222 3333 0000 0000 0000 0000 0000 0000 1111 2222 3333 0000 0000 0000 0000 0000 0000 1111 2222 3333 0000 0000 0000 0000 0000 0000 1111 2222 3333 0000 0000 0000 0000 0000 0000 1111 2222 0000 0000 0000 0000 0000 0000 0000 0000 0000 0000 0000 0000 0000 0000 0000 0000 0000 1111 2222 3333 0000 0000 0000 0000 0000 0000 1111 2222 3333 0000 0000 0000 0000 0000 0000 1111 2222 3333 0000 0000 0000 0000 0000 0000 1111 2222 3333 0000 0000 0000 0000 0000 0000 1111 2222 3333 0000 0000 0000 0000 0000 0000 1111 2222 0000 0000 0000 0000 0000 0000 0000 0000 0000 0000 0000 0000 0000 0000 0000 0000 0000 1111 2222 3333 0000 0000 0000 0000 0000 0000 1111 2222 3333 0000 0000 0000 0000 0000 0000 1111 2222 3333 0000 0000 0000 0000 0000 0000 1111 2222 3333 0000 0000 0000 0000 0000 0000 1111 2222 3333 0000 0000 0000 0000 0000 0000 1111 2222 0000 0000 0000 0000 0000 0000 0000 0000 0000 0000 0000 0000 0000 0000 0000 0000 0000 1111 2222 3333 0000 0000 0000 0000 0000 0000 1111 2222 3333 0000 0000 0000 0000 0000 0000 1111 2222 3333 0000 0000 0000 0000 0000 0000 1111 2222 3333 0000 0000 0000 0000 0000 0000 1111 2222 3333 0000 0000 0000 0000 0000 0000 1111 2222 0000 0000 0000 0000 0000 0000 0000 0000 0000 0000 0000 0000 0000 0000 0000 0000 0000 1111 2222 3333 0000 0000 0000 0000 0000 0000 1111 2222 3333 0000 0000 0000 0000 0000 0000 1111 2222 3333 0000 0000 0000 0000 0000 0000 1111 2222 3333 0000 0000 0000 0000 0000 0000 1111 2222 3333 0000 0000 0000 0000 0000 0000 1111 2222 0000 0000 0000 0000 0000 0000 0000 0000 0000 0000 0000 0000 0000 0000 0000 0000 0000 1111 2222 3331 0000 0000 0000 0000 0000 0000 1111 2222 3333 0000 0000 0000 0000 0000 0000 1111 2222 3333 0000 0000 0000 0000 0000 0000 1111 2222 3333 0000 0000 0000 0000 0000 0000 1111 2222 3333 0000 0000 0000 0000 0000 0000 1111 2222 0000 0000 0000 0000 0000 0000 0000 0000 0000 0000 0000 0000 0000 0000 0000 0000 0000 1111 2222 3333 0000 0000 0000 0000 0000 0000 1111 2222 3333 0000 0000 0000 0000 0000 0000 1111 2222 3333 0000 0000 0000 0000 0000 0000 1111 2222 3333 0000 0000 0000 0000 0000 0000 1111 2222 3333 0000 0000 0000 0000 0000 0000 1111 2222 0000 0000 0000 0000 0000 0000 0000 0000 0000 0000 0000 0000 0000 0000 0000 0000 0000 1111 2222 3333 0000 0000 0000 0000 0000 0000 1111 2222 3333 0000 0000 0000 0000 0000 0000 1111 2222 3333 0000 0000 0000 0000 0000 0000 1111 2222 3333 0000 0000 0000 0000 0000 0000 0000 0000 0000 0000 0000 0000 0000 0000 0000 0000 0000 0000 0000 0000 0000 0000 0000 0000 0000 0000 0000 0000 0000 0000 0000 0000 0000 0000 0000 0000 0000 0000 0000 0000 0000 0000 0000 0000 0000 0000 0000 0000 0000 0000 0000 0000 0000 0000 0000 0000 0000 0000 0000 0000 0000 0000 0000 0000 0000 0000 0000 0000 0000 0000 0000 0000 0000 0000 0000 0000 0000 0000 0000 0000 0000 0000 0000 0000 0000 0000 0000 0000 0000 0000 0000 0000 0000 0000 0000 0000 0000 0000 0000 0000 0000 0000 0000 0000 0000 0000 0000 0000 0000 0000 0000 0000 0000 0000 0000 0000 0000 0000 0000 0000 0000 0000 0000 0000 0000 0000 0000 0000 0000 0000 0000 0000 0000 0000 0000 0000 0000 0000 0000 0000 0000 0000 0000 0000 0000 0000 0000 0000 0000 0000 0000 0000 0000 0000 0000 0000 0000 0000 0000 0000 0000 0000 0000 0000 0000 0000 0000 
4500 0038 0004 4000 4001 c7d8 0101 0101 c0a8 0133 0304 4d20 0000 05a0 4500 05dc e483 4000 7e06 8707 c0a8 0133 0101 0101 0077 9c40 fbdf 1a75 
-------------------------------
