basics:
                     32
4.4942328371557897693233e+307
4.4942328371557897693233e+307
8.9884656743115795386465e+307
8.9884656743115795386465e+307
8.9884656743115795386465e+307
                0.03125
4.4501477170144027661805e-308
4.4501477170144027661805e-308
2.2250738585072013830902e-308
2.2250738585072013830902e-308
2.2250738585072013830902e-308
                      1
                      1

zero:
                      0
                      0
                      0
                      0
                      0
                      0
                      0

infinity:
                    Inf
                    Inf
                    Inf
                   -Inf
                   -Inf
                   -Inf

overflow:
                    Inf
                    Inf
                    Inf
                    Inf
                   -Inf
                   -Inf
                   -Inf
                   -Inf

denormal:
1.1125369292536006915451e-308
1.1125369292536006915451e-308
1.1125369292536006915451e-308
5.5626846462680034577256e-309
4.9406564584124654417657e-324
-1.1125369292536006915451e-308
-1.1125369292536006915451e-308
-1.1125369292536006915451e-308
-5.5626846462680034577256e-309
-4.9406564584124654417657e-324

underflow:
                      0
                      0
                      0
                      0
                      0
                      0
                      0
                      0

denormal, large exponent:
                 0.0625
                  0.125
                   0.25
                    0.5
                      1
                      2
                      4
                   4096
                4194304
             4294967296
 4722366482869645213696
5.9863107065073783529623e+51
7.5885503602567541832791e+81
9.6196304190416209014353e+111
1.2194330274671844653834e+142
1.5458150092069033378781e+172
1.9595533242629369747791e+202
2.4840289476811342962384e+232
3.1488807865122869393369e+262
3.9916806190694396233127e+292
2.808895523222368605827e+306
5.6177910464447372116541e+306
1.1235582092889474423308e+307
2.2471164185778948846616e+307
4.4942328371557897693233e+307
8.9884656743115795386465e+307
